30
6 5
1.787702 -4.804180 -4.737545 7.967982 -6.642008
-5.538041 5.557699 7.313895 2.193997 -3.319170
4.883871 4.622686 -0.416482 -0.588798 -3.084212
7.964548 5.464396 8.385318 -1.579451 5.907890
-7.813005 -3.531896 -0.494781 -6.680516 7.068832
-0.240935 3.442224 5.703148 7.324919 4.636620
2 6
-5.774369 -1.162660 -9.854297 -6.177057 7.519539 -7.150304
3.446104 2.318025 -4.294948 7.656317 -9.249404 -7.253786
4 5
2.089375 1.176131 -3.472515 -3.246180 -3.836911
-5.018696 -7.289039 -8.680674 5.889630 0.220720
8.047640 -8.662273 1.091711 -5.479809 0.734099
-5.590855 -5.192453 -5.456228 5.192116 -2.799026
6 5
-9.496960 2.179917 2.072639 -4.369438 1.608124
-7.538278 -4.452437 -8.951678 -9.454554 -6.353039
7.466793 -9.625834 -6.827860 7.667138 -1.681173
2.784939 4.065797 -4.498917 -1.911739 -5.651185
-6.429095 4.407031 -4.662530 1.771351 2.113232
6.605190 -9.117825 7.373579 5.430651 -9.833609
9 5
4.780208 -9.043644 -1.466382 -8.707705 2.593394
9.071796 6.365634 -4.737285 3.213683 -5.178776
-8.581775 -0.192094 0.193899 4.628280 -9.091468
1.933502 4.824892 -1.040715 6.747004 0.944432
-1.604753 6.842031 -5.947983 -9.156004 9.394536
-3.270563 -0.360755 1.846433 -2.775171 9.397222
2.190447 -1.663021 -7.664530 -2.760098 8.870567
1.509282 -3.436297 0.234363 -7.633156 2.051382
-5.775541 3.295628 1.222102 9.015399 3.014790
10 10
0.260178 -3.722791 -2.443251 0.624380 -0.337326 -8.351435 2.543095 -7.837941 -3.997830 4.183508
-9.258199 -4.548122 -9.547619 -8.957191 -4.432464 3.663393 -1.438285 -4.312081 -0.683815 4.662824
-2.997516 6.071113 5.535293 0.035051 7.079222 -7.626729 -2.695075 -2.733490 1.674226 -8.562022
-3.012549 -6.972272 -9.428220 -2.149397 4.274077 -5.927446 -2.212803 4.995057 -1.995610 3.188294
7.724877 -0.621335 0.743818 0.199714 -4.332855 8.059753 -6.008591 1.782451 0.210812 -7.407653
2.964920 2.644424 -1.929658 -0.362079 -6.449617 -6.111786 8.562055 5.583331 9.887447 -8.412607
-4.440158 5.200488 6.826531 -6.988084 7.450654 9.294883 -5.687910 3.101834 -7.236064 5.556153
-0.742490 9.008762 8.762305 -9.111154 2.475714 7.244417 1.409773 6.316604 -5.238326 3.203522
-0.960720 -9.459858 -2.244287 3.105791 2.729452 -8.000379 -4.830431 -9.243121 -7.615962 4.840602
8.090348 -7.919814 9.701957 0.031156 9.278958 7.848270 4.938021 -0.825141 -0.506919 3.507596
9 5
-6.478268 6.860199 -1.705593 -4.244472 -4.085456
-3.530985 5.976958 9.935956 -0.683849 8.256685
7.516523 2.750612 -6.418221 9.565371 3.802608
-2.120058 -4.930711 9.785092 3.333732 -2.953945
3.024776 8.220225 -9.958430 3.936882 1.697009
7.094565 -3.191557 5.581216 -3.880739 -9.214774
-3.903453 -2.414324 9.128768 -5.453932 -9.620638
9.040411 -2.295366 7.935180 7.320428 -7.902863
-0.874851 1.572328 6.726969 2.390723 4.708937
5 2
-8.985690 3.164538
-0.604064 0.817992
6.864203 -3.399021
0.281997 -6.249110
-7.407209 8.538582
6 4
2.929407 -2.163068 9.986567 -7.802852
-9.259425 4.932382 8.314249 -0.732910
7.497292 7.305966 8.329093 -6.326395
0.426842 -1.913411 -5.168605 0.200188
-1.368244 1.080644 -3.666596 4.313634
2.616681 -4.956285 7.117727 3.370666
10 7
8.435919 -7.906425 -3.106790 5.605045 1.183751 2.573734 8.730583
-9.661903 -8.149538 9.733032 -7.151390 -1.129044 0.247171 7.163325
-7.588919 -1.941553 -7.252710 3.504667 -1.075769 9.601119 -2.451742
9.060741 -8.406265 -2.945758 2.831704 2.747546 8.407094 1.288008
-3.995048 -0.112247 0.587181 -3.564971 -5.948393 -9.850272 -6.824702
-9.629482 8.719242 4.102666 3.393184 -9.503545 8.612989 -0.645951
6.025079 -7.278042 -7.173509 6.761700 6.087358 7.018528 3.464675
-2.909972 5.200583 7.883532 5.200024 -4.206523 -6.087814 -0.186234
9.340950 -9.735311 -4.883922 7.567673 -8.547185 -5.312005 -0.085517
2.447613 3.752293 -9.618783 4.140082 -9.200291 0.024770 -5.496612
5 10
-5.117317 -8.363886 -7.239389 -3.123344 2.024914 -0.329404 -8.855811 -5.939377 -6.065659 5.552062
-8.371858 -5.851476 -5.275905 6.761844 4.507860 -8.948797 -6.020598 -3.486274 7.597916 -7.364387
-6.412267 -7.489744 -6.233174 3.282388 -7.596305 0.868814 -7.561205 -7.736326 -6.317525 6.409595
-7.598421 4.573396 0.248186 -5.802055 3.611500 -2.510156 -9.310607 -9.348382 -0.254024 -4.841187
-3.789887 -4.835427 -3.568368 -3.277870 4.922127 1.557552 -2.749809 7.584566 -1.971952 6.711185
6 2
2.266805 4.195056
4.140325 -2.253605
5.262736 -1.545151
-4.513044 -2.454938
6.113663 -1.044966
9.430346 4.811874
10 8
2.705186 -0.168942 0.142654 8.177905 1.533250 4.653998 -3.719361 -1.367291
-3.975930 -3.954245 -8.092828 -8.029759 -1.606586 6.032428 -5.460234 0.362909
1.849362 8.536647 -9.350693 -1.144186 2.811929 4.173374 -6.096190 3.008515
-3.430234 0.146564 9.545181 -4.419277 -2.696245 -9.871721 -0.409137 9.008259
-7.369522 5.498861 -8.923169 -0.024125 -5.966406 4.214818 -9.339651 6.436669
-3.560368 3.219598 -6.565144 8.927459 -1.540253 8.982653 -6.976449 8.781561
0.326529 7.268058 -4.283278 -5.822466 4.381348 4.734483 -0.948150 6.400693
6.296226 0.742631 -6.395325 4.025120 -3.697890 -3.736629 -6.078464 2.943251
-4.351218 -5.368981 9.636806 -6.589336 -3.795514 3.053859 1.305315 -7.206322
-3.816054 4.999316 -8.830660 -1.458890 5.654278 -4.830401 2.155502 -0.192071
4 9
-8.585836 5.194997 -6.837383 1.986063 -0.059619 2.475209 7.623551 -3.047440 -1.720436
-5.432295 -8.042722 -7.931190 4.107941 5.666795 -2.072364 -7.812011 -8.224634 9.525144
3.186248 7.222656 5.896446 9.626610 -5.228929 -5.400168 -1.435522 9.823517 5.478164
7.746757 1.036985 -9.513270 1.502794 8.840475 3.439168 -5.983788 5.635780 -0.662358
4 4
4.809793 6.868036 9.786879 7.504120
8.338247 9.081846 -6.441844 9.892798
-1.866345 -8.709250 -3.222317 -6.584485
-1.066487 9.074700 6.341363 0.207905
5 8
-4.304018 -2.259718 -0.751335 8.278401 3.652844 3.535631 9.825205 -9.189537
-8.966963 2.775914 -5.302892 9.283547 -9.953276 6.788563 -5.459225 -5.734283
-7.874715 -6.512697 9.481577 -6.860943 -2.131736 2.735027 -8.073852 -2.840443
2.055050 -4.467954 -9.372753 -3.994389 -4.967208 3.573055 3.920607 4.440294
5.154023 -5.836755 -3.024652 -3.013571 -4.415438 -4.035790 0.693526 -8.321167
3 7
-5.099586 -7.463207 6.724289 -5.772350 -3.343633 9.986687 7.081435
2.526124 3.788537 -5.374560 -5.274004 -8.501309 7.072487 -8.689033
9.362031 -3.077171 -5.874434 -5.164476 -6.277607 -9.988837 -5.351549
8 10
-7.561454 7.560459 -8.310502 -2.315183 9.533839 0.731951 -7.417037 1.241193 -7.821569 -6.389397
-1.866511 -9.496403 0.417211 -9.833045 6.843722 6.499389 4.499598 -8.872374 7.658714 4.668641
-0.849609 -9.602780 8.227227 3.868002 -0.387433 -3.964884 -4.933600 5.727800 6.833135 3.995105
9.327329 -2.152250 -9.162375 -4.560395 -6.164744 -3.230213 6.590188 7.922801 6.380302 -2.268531
4.282771 -3.516488 5.492928 7.710578 8.704559 0.000654 9.117766 -3.171865 3.581299 7.590720
-8.830397 -8.515915 4.678887 -5.974888 -0.429278 6.062251 -1.850271 -2.841475 8.541705 4.796128
5.198528 -9.550688 8.273086 4.668874 6.467263 -0.244115 -7.873325 5.004161 0.243479 5.632782
-7.578441 5.873607 2.698115 6.584223 -0.831133 8.718890 6.234378 5.160397 1.112918 -4.998246
2 4
-9.690433 4.781120 -7.422437 3.532847
-2.702250 -0.560434 -7.059512 7.515665
8 6
-8.311120 -7.274164 9.579686 8.759848 -1.008454 -2.598003
-4.886586 5.865515 7.487356 -6.837011 6.910423 -0.553536
2.830067 -9.467445 -2.180621 -8.455618 -6.569339 -2.558225
-1.433590 -5.499561 -1.386268 3.745201 -9.287299 -8.051748
-4.402479 3.683355 -2.138436 6.120670 6.959772 -3.029209
4.886900 2.654998 -8.273027 -9.156780 -7.107302 -5.675642
1.957307 -6.606719 -8.925038 3.834407 3.178719 -4.454890
8.993622 -0.822972 -9.032864 -6.981227 0.753151 8.518132
5 5
-8.465312 2.206049 7.360451 8.140815 -4.264203
0.198145 7.413806 1.255496 6.512502 -4.133720
-4.639130 8.650268 -0.626803 -0.011953 2.682460
4.288139 0.400550 8.912775 -7.279878 -6.176960
-0.845189 -1.611971 -3.735174 9.058111 5.113645
8 3
-5.276816 8.343958 5.896060
2.703375 -2.465780 -4.574765
-4.236160 -8.284247 7.968113
8.173197 -8.955580 0.886858
-8.025339 -5.455563 4.845157
-1.902241 2.458151 -5.989711
0.509899 -3.319971 1.405446
3.063755 -9.788757 -8.526210
2 2
6.940487 -6.130471
9.100901 4.885680
9 10
1.246655 2.311439 -1.076156 -0.125659 8.290590 -6.161542 -5.363412 5.640286 2.363408 3.071124
-7.091080 6.755782 -2.641053 -6.390926 7.426081 -0.122466 6.008656 5.972382 -8.460383 0.127601
6.990602 0.513521 2.653602 -0.805097 -7.020968 -3.581927 -5.084975 -9.698563 8.626782 9.471539
5.321248 -4.981248 -9.512658 5.983350 8.701818 8.805580 -0.284545 -2.805007 5.036243 -8.757158
-1.202711 -5.663063 -6.159907 1.287413 3.857180 -2.551299 3.353111 1.421787 -5.113554 -4.532902
1.555622 2.585821 7.162350 6.960365 -3.416176 -9.972523 -2.284751 5.572614 2.499178 -1.074336
7.965433 2.112132 -8.414945 -7.935517 3.765785 2.534455 4.072322 -5.939657 2.126429 7.080233
-1.677346 -8.648780 -2.740970 7.154910 -7.329405 5.698254 0.047011 6.780390 -3.430809 8.035930
4.957565 0.477909 3.280912 0.881469 -3.080628 4.561251 -0.190719 -9.397779 1.719682 -7.818002
4 6
-8.611326 -0.512724 -7.900917 -5.617933 -7.592287 0.641347
-0.043952 -9.473046 1.805824 -8.256379 4.493671 -6.980527
2.255825 -4.090856 7.238514 -4.039589 -8.825154 1.790389
-1.114346 -6.152293 -6.420744 -9.260734 -2.403741 5.003336
9 7
-4.636198 -5.068164 9.420364 5.208643 -0.663758 -7.181863 -7.685721
5.923940 -0.761796 9.115328 8.951874 -0.403164 -6.378698 -7.023261
7.101318 -5.871135 1.910408 3.520882 -0.346837 8.665822 0.996642
3.383270 -3.153762 -3.721244 -8.384106 -0.142131 7.661636 -2.888968
1.143051 -5.139441 -9.758473 4.010820 -8.611263 5.154112 2.668831
-9.127470 4.456513 -1.805932 -7.031909 -1.597698 -2.236168 5.335091
-3.901740 -6.332673 -1.521122 3.732580 2.149750 9.887065 3.409927
-9.182860 -1.247528 -6.417187 2.184927 -2.142281 -9.950155 -6.382407
-9.105385 -3.022658 8.362731 -5.120802 -5.586309 -9.003629 -2.047568
4 8
-1.245687 0.314824 -8.486382 4.071989 -8.754468 -9.101230 9.764577 2.157500
0.866384 7.913978 -7.703986 -1.853828 -0.570087 -1.325951 1.187753 -7.597315
-5.496499 3.444126 6.986211 -0.194299 3.869441 4.616204 6.835718 8.773362
-1.805099 -4.517019 6.509196 -2.230827 -5.951845 4.406854 0.112165 4.908713
4 8
0.722016 6.258487 0.320718 -8.789491 1.141524 -5.600570 1.526294 3.174921
-0.765133 -6.573390 8.722690 7.585464 -0.765470 -5.583395 3.676058 -9.259766
9.906182 -8.780413 -2.169436 -4.538752 3.206843 1.042743 -5.736340 -1.481833
6.652289 -7.861243 -2.839593 -6.443211 -9.128143 3.984831 1.926631 -6.785562
2 4
1.951164 7.480117 -9.613847 -4.814703
9.857709 8.646641 7.350422 9.229011
4 5
-5.853498 1.955449 -1.293661 -0.917922 3.306456
6.414447 -0.828563 0.109494 -1.509040 -8.580385
-4.738843 2.424196 -2.524218 9.645032 2.527688
-1.088465 9.721132 3.083869 -4.142070 -9.490685
